metric;0,513365,722337,0,0
metric;1,513365,722337,0,0
metric;2,513365,722337,0,0
metric;3,513365,660319,0,0
metric;4,513365,660319,0,0
metric;5,513365,722337,0,0
metric;6,769655,722337,0,0
metric;7,513365,722337,0,0
metric;8,513365,722337,0,0
metric;9,513365,660319,0,0
metric;10,285213,660319,0,0
metric;11,456305,0,203889,0
metric;12,513365,0,203889,0
metric;13,285213,101945,203889,0
metric;14,399508,515549,0,0
metric;15,399508,515549,0,0
metric;16,484005,722337,0,0
metric;17,484005,722337,0,0
metric;18,484005,101945,203889,0
metric;19,570425,515549,0,0
metric;20,570425,515549,0,0
metric;21,513365,289407,0,28521
metric;22,1026731,289407,0,27919
metric;23,0,451471,0,0
metric;24,400556,371196,58720,0
metric;25,285213,451471,0,0
metric;26,313721,451471,203889,0
metric;27,598912,722337,0,68791
metric;28,570425,722337,0,0
metric;29,570425,722337,0,0
metric;30,855639,722337,0,0
metric;31,855639,722337,0,0
metric;32,513365,253405,101945,0
metric;33,285213,722337,0,0
metric;34,375391,722337,0,0
metric;35,855639,722337,203889,0
metric;36,513365,786432,58720,0
metric;37,855639,786432,58720,0
metric;38,798579,722337,0,0
metric;39,285213,722337,0,0
metric;40,399275,786432,262144,0
metric;41,399275,786432,262144,0
metric;42,513365,786432,0,0
metric;43,798579,603980,80740,0
metric;44,285213,101945,203889,0
metric;45,342244,253405,0,0
metric;46,285213,101945,0,0
metric;47,513365,786432,262144,0
metric;48,513365,660319,0,0
metric;49,513365,660319,0,0
metric;50,513365,660319,0,0
metric;51,513365,660319,0,0
metric;52,513365,660319,0,0
metric;53,513365,660319,0,0
metric;54,513365,660319,0,0
metric;55,513365,660319,0,0
metric;56,513365,660319,0,0
metric;57,513365,660319,0,0
metric;58,285213,451471,0,0
metric;59,285213,451471,203889,0
metric;60,798579,555745,29360,0
metric;61,798579,371196,0,0
metric;62,798579,555745,29360,0
metric;63,484835,722337,0,0
metric;64,798579,722337,0,0
metric;65,769655,722337,0,0
metric;66,727100,722337,0,0
metric;67,741517,722337,0,0
metric;68,784160,722337,0,0
metric;69,698571,722337,0,0
metric;70,670040,722337,0,0
metric;71,805568,722337,0,0
metric;72,769655,722337,0,0
metric;73,370409,722337,0,0
metric;74,527433,722337,0,0
metric;75,798228,722337,0,0
metric;76,641511,722337,0,0
metric;77,940835,722337,0,0
metric;78,769655,722337,0,0
metric;79,798579,722337,0,0
metric;80,698571,722337,0,0
metric;81,798579,722337,203889,0
metric;82,755587,722337,0,25352
metric;83,570425,722337,0,0
metric;84,741517,722337,0,0
metric;85,769655,722337,0,0
metric;86,769655,722337,0,9204
metric;87,1054868,722337,0,10253
metric;88,769655,722337,0,5009
metric;89,769655,722337,0,17593
metric;90,627441,722337,0,0
metric;91,285213,786432,262144,6059
metric;92,524288,786432,262144,0
metric;93,285213,786432,262144,0
metric;94,582572,786432,0,34836
metric;95,769655,0,142607,29127
metric;96,285213,722337,0,0
metric;97,513365,451471,0,12792
metric;98,570425,722337,0,0
metric;99,456305,451471,0,0
metric;100,570425,722337,0,0
metric;101,456305,451471,0,0
metric;102,313721,722337,0,74019
metric;103,513365,451471,203889,13841
metric;104,570425,722337,0,5009
metric;105,285213,660319,0,0
metric;106,313721,660319,203889,0
metric;107,541896,722337,0,11535
metric;108,285213,722337,0,3961
metric;109,855639,451471,0,5009
metric;110,570425,451471,0,5009
metric;111,513365,451471,0,0
metric;112,570425,451471,203889,0
metric;113,541896,451471,203889,27263
metric;114,399275,451471,0,0
metric;115,404984,451471,0,0
metric;116,399275,660319,0,0
metric;117,570425,451471,0,5009
metric;118,541896,451471,0,9437
metric;119,741517,451471,0,9029
metric;120,541896,451471,0,17825
metric;121,541896,451471,203889,9437
metric;122,456305,451471,0,0
metric;123,524288,786432,262144,0
metric;124,291271,786432,262144,0
metric;125,524288,786432,262144,0
metric;126,582572,321913,0,28544
metric;127,171121,253405,0,140072
metric;128,769655,961544,0,0
metric;129,769655,722337,203889,0
metric;130,741517,961544,0,0
metric;131,741517,921173,0,0
metric;132,784160,921173,0,0
metric;133,698571,921173,0,0
metric;134,698571,722337,203889,0
metric;135,805568,961544,0,0
metric;136,641511,961544,0,0
metric;137,641511,722337,0,0
metric;138,641511,722337,0,0
metric;139,769655,961544,0,0
metric;140,769655,921173,0,0
metric;141,769655,722337,0,0
metric;142,798579,961544,0,0
metric;143,755587,961544,0,25352
metric;144,755587,921173,0,25352
metric;145,570425,961544,0,0
metric;146,570425,921173,0,0
metric;147,570425,722337,203889,0
metric;148,741517,921173,0,0
metric;149,741517,722337,203889,0
metric;150,769655,961544,0,0
metric;151,769655,921173,0,0
metric;152,769655,877133,0,17593
metric;153,627441,961544,0,0
metric;154,627441,921173,0,0
metric;155,627441,877133,0,0
metric;156,860793,722337,0,0
metric;157,370409,877133,0,0
metric;158,570425,722337,0,0
metric;159,497680,722337,203889,0
metric;160,513365,722337,0,12792
metric;161,513365,451471,203889,13228
metric;162,456305,722337,0,0
metric;163,456305,722337,0,0
metric;164,570425,722337,0,41711
metric;165,456305,722337,0,0
metric;166,456305,451471,203889,0
metric;167,513365,722337,203889,13841
metric;168,285213,961544,0,27208
metric;169,285213,722337,0,46953
metric;170,345091,0,0,0
metric;171,570425,722337,0,5009
metric;172,570425,722337,0,5009
metric;173,518521,451471,203889,0
metric;174,513365,722337,0,0
metric;175,399275,722337,0,0
metric;176,399275,722337,0,0
metric;177,404984,722337,0,0
metric;178,404984,722337,0,0
metric;179,404984,451471,203889,0
metric;180,399275,722337,0,0
metric;181,399275,660319,203889,0
metric;182,570425,722337,0,5009
metric;183,570425,722337,0,5009
metric;184,541896,660319,203889,9437
metric;185,456305,722337,0,0
metric;186,456305,722337,0,0
metric;187,456305,660319,0,0
metric;188,570425,660319,203889,0
metric;189,285213,515549,203889,0
metric;190,484835,515549,203889,0
metric;191,769655,722337,35652,0
metric;192,769655,961544,0,0
metric;193,769655,961544,0,0
metric;194,769655,921173,0,0
metric;195,769655,877133,0,0
metric;196,769655,877133,0,0
metric;197,769655,921173,0,0
metric;198,926679,722337,0,0
metric;199,741517,722337,203889,0
metric;200,698571,961544,0,0
metric;201,698571,961544,0,0
metric;202,698571,921173,0,0
metric;203,698571,877133,0,0
metric;204,370409,961544,0,0
metric;205,370409,961544,0,0
metric;206,370409,921173,0,2663
metric;207,370409,877133,0,0
metric;208,784160,722337,0,0
metric;209,769655,877133,0,0
metric;210,798579,961544,0,0
metric;211,798579,961544,0,0
metric;212,798579,921173,0,0
metric;213,798579,877133,0,0
metric;214,798579,877133,0,0
metric;215,1040799,722337,0,204
metric;216,798579,786432,57672,0
metric;217,769655,961544,0,0
metric;218,769655,961544,0,0
metric;219,769655,921173,0,0
metric;220,769655,877133,0,0
metric;221,769655,961544,0,17593
metric;222,641511,722337,0,0
metric;223,1140851,722337,0,0
metric;224,513365,722337,0,12792
metric;225,513365,722337,0,12792
metric;226,513365,722337,0,12792
metric;227,513365,660319,0,12792
metric;228,513365,660319,0,12792
metric;229,513365,722337,0,12792
metric;230,741517,451471,0,0
metric;231,456305,451471,203889,0
metric;232,456305,722337,0,0
metric;233,456305,722337,0,0
metric;234,456305,722337,0,0
metric;235,456305,660319,0,0
metric;236,285213,722337,0,0
metric;237,285213,722337,0,12349
metric;238,285213,722337,0,45904
metric;239,285213,660319,0,16544
metric;240,513365,722337,0,0
metric;241,570425,660319,0,5009
metric;242,513365,722337,0,0
metric;243,513365,722337,0,0
metric;244,513365,722337,0,0
metric;245,513365,660319,0,0
metric;246,513365,660319,0,0
metric;247,798579,451471,0,216
metric;248,513365,555745,106955,0
metric;249,570425,722337,0,5009
metric;250,570425,722337,0,5009
metric;251,570425,722337,0,5009
metric;252,570425,660319,0,5009
metric;253,541896,722337,203889,9437
metric;254,570425,722337,203889,0
metric;255,513365,722337,0,209
param;1,0
param;2,342239
param;3,171119
param;4,114080
param;5,451471
param;6,1026717
param;7,114080
param;8,716527
param;9,728148
param;10,0
param;11,203889
param;12,974127
param;13,293601
param;14,513365
param;15,84955
param;16,1258291
param;17,67963
param;18,57040
param;19,21845
param;20,23059
param;21,27913
fi;28,0,2,0
ff;27,0,2,0
fl;29,0,2,0
ffi;30,0,3,0
ffl;31,0,3,0
AV;65,0,1,-114085;86,1,2,0
To;84,0,1,-85560;111,1,2,0
WA;87,0,1,-114085;65,1,2,0
office;111,0,1,0;30,1,4,0;99,4,5,0;101,5,6,0
wo;119,0,1,-28521;111,1,2,0
