metric;0,524288,722338,0,0
metric;1,524288,722338,0,0
metric;2,524288,722338,0,0
metric;3,524288,660314,0,0
metric;4,524288,660314,0,0
metric;5,524288,722338,0,0
metric;6,786432,722338,0,0
metric;7,524288,722338,0,0
metric;8,524288,722338,0,0
metric;9,524288,660314,0,0
metric;10,291269,660314,0,0
metric;11,466040,0,203888,0
metric;12,524288,0,203888,0
metric;13,291269,110683,203888,0
metric;14,407424,515549,0,0
metric;15,407424,515549,0,0
metric;16,494928,722338,0,0
metric;17,494928,722338,0,0
metric;18,494928,110683,203888,0
metric;19,582536,515549,0,0
metric;20,582536,515549,0,0
metric;21,524288,290456,0,28078
metric;22,1048576,290456,0,28078
metric;23,0,451464,0,0
metric;24,410693,374341,58720,0
metric;25,291269,451464,0,0
metric;26,320392,451464,203888,0
metric;27,611634,722338,0,75963
metric;28,582536,722338,0,0
metric;29,582536,722338,0,0
metric;30,873778,722338,0,0
metric;31,873778,722338,0,0
metric;32,524288,253406,101946,0
metric;33,291269,722338,0,0
metric;34,391931,722338,0,0
metric;35,873778,722338,203888,0
metric;36,524288,786432,58720,0
metric;37,873778,786432,58720,0
metric;38,815582,722338,0,0
metric;39,291269,722338,0,0
metric;40,407792,786432,262144,0
metric;41,407792,786432,262144,0
metric;42,524288,786432,0,0
metric;43,815582,611320,87032,0
metric;44,291269,110683,203888,0
metric;45,349525,253406,0,0
metric;46,291269,110683,0,0
metric;47,524288,786432,262144,0
metric;48,524288,660314,0,0
metric;49,524288,660314,0,0
metric;50,524288,660314,0,0
metric;51,524288,660314,0,0
metric;52,524288,660314,0,0
metric;53,524288,660314,0,0
metric;54,524288,660314,0,0
metric;55,524288,660314,0,0
metric;56,524288,660314,0,0
metric;57,524288,660314,0,0
metric;58,291269,451464,0,0
metric;59,291269,451464,203888,0
metric;60,815582,563085,41942,0
metric;61,815582,374341,0,0
metric;62,815582,563085,41942,0
metric;63,495138,722338,0,0
metric;64,815582,722338,0,0
metric;65,786432,722338,0,0
metric;66,742706,722338,0,0
metric;67,757282,722338,0,0
metric;68,801008,722338,0,0
metric;69,713608,722338,0,0
metric;70,684510,722338,0,0
metric;71,822818,722338,0,0
metric;72,786432,722338,0,0
metric;73,378640,722338,0,0
metric;74,538864,722338,0,0
metric;75,815582,722338,0,0
metric;76,655360,722338,0,0
metric;77,961230,722338,0,0
metric;78,786432,722338,0,0
metric;79,815582,722338,0,0
metric;80,713608,722338,0,0
metric;81,815582,722338,203888,0
metric;82,771856,722338,0,24816
metric;83,582536,722338,0,0
metric;84,757282,722338,0,0
metric;85,786432,722338,0,0
metric;86,786432,722338,0,8155
metric;87,1077726,722338,0,9437
metric;88,786432,722338,0,3962
metric;89,786432,722338,0,16544
metric;90,640784,722338,0,0
metric;91,291269,786432,262144,5243
metric;92,524288,786432,262144,0
metric;93,291269,786432,262144,0
metric;94,582536,786432,0,34837
metric;95,786432,0,144704,29126
metric;96,291269,722338,0,0
metric;97,524288,451464,0,11301
metric;98,582536,722338,0,0
metric;99,466040,451464,0,0
metric;100,582536,722338,0,0
metric;101,466040,451464,0,0
metric;102,320392,722338,0,83070
metric;103,524288,451464,203888,13398
metric;104,582536,722338,0,7573
metric;105,291269,660314,0,0
metric;106,320392,660314,203888,0
metric;107,553438,722338,0,11534
metric;108,291269,722338,0,5243
metric;109,873778,451464,0,7806
metric;110,582536,451464,0,7573
metric;111,524288,451464,0,0
metric;112,582536,451464,203888,0
metric;113,553438,451464,203888,28312
metric;114,410693,451464,0,117
metric;115,413611,451464,0,0
metric;116,407792,660314,0,0
metric;117,582536,451464,0,7573
metric;118,553438,451464,0,8389
metric;119,757282,451464,0,8971
metric;120,553438,451464,0,16778
metric;121,553438,451464,203888,8389
metric;122,466040,451464,0,0
metric;123,524288,786432,262144,0
metric;124,291269,786432,262144,0
metric;125,524288,786432,262144,0
metric;126,582536,321914,0,28544
metric;127,174763,253406,0,141674
metric;128,786432,965214,0,0
metric;129,786432,722338,203888,0
metric;130,757282,965214,0,0
metric;131,757282,920650,0,0
metric;132,801008,920650,0,0
metric;133,713608,920650,0,0
metric;134,713608,722338,203888,0
metric;135,822818,965214,0,0
metric;136,655360,965214,0,0
metric;137,655360,722338,0,0
metric;138,655360,722338,0,0
metric;139,786432,965214,0,0
metric;140,786432,920650,0,0
metric;141,786432,722338,0,0
metric;142,815582,965214,0,0
metric;143,771856,965214,0,24816
metric;144,771856,920650,0,24816
metric;145,582536,965214,0,0
metric;146,582536,920650,0,0
metric;147,582536,722338,203888,0
metric;148,757282,920650,0,0
metric;149,757282,722338,203888,0
metric;150,786432,965214,0,0
metric;151,786432,920650,0,0
metric;152,786432,870317,0,16544
metric;153,640784,965214,0,0
metric;154,640784,920650,0,0
metric;155,640784,920650,0,0
metric;156,879651,722338,0,0
metric;157,378640,920650,0,0
metric;158,582536,722338,0,0
metric;159,507510,722338,203888,0
metric;160,524288,722338,0,11301
metric;161,524288,451464,203888,11301
metric;162,466040,722338,0,0
metric;163,466040,722338,0,0
metric;164,582536,722338,0,48467
metric;165,466040,722338,0,0
metric;166,466040,451464,203888,0
metric;167,524288,722338,203888,13398
metric;168,291269,965214,0,27878
metric;169,291269,722338,0,54526
metric;170,352426,722338,0,0
metric;171,582536,722338,0,7573
metric;172,582536,722338,0,7573
metric;173,530894,451464,203888,0
metric;174,524288,722338,0,0
metric;175,410693,722338,0,117
metric;176,410693,722338,0,117
metric;177,413611,722338,0,0
metric;178,413611,722338,0,0
metric;179,413611,451464,203888,0
metric;180,407792,722338,0,0
metric;181,407792,660314,203888,0
metric;182,582536,722338,0,7573
metric;183,582536,722338,0,7573
metric;184,553438,660314,203888,8389
metric;185,466040,722338,0,0
metric;186,466040,722338,0,0
metric;187,466040,660314,0,0
metric;188,582536,660314,203888,0
metric;189,291269,515549,203888,0
metric;190,495138,515549,203888,0
metric;191,786432,722338,36701,0
metric;192,786432,965214,0,0
metric;193,786432,965214,0,0
metric;194,786432,920650,0,0
metric;195,786432,870317,0,0
metric;196,786432,870317,0,0
metric;197,786432,920650,0,0
metric;198,946654,722338,0,0
metric;199,757282,722338,203888,0
metric;200,713608,965214,0,0
metric;201,713608,965214,0,0
metric;202,713608,920650,0,0
metric;203,713608,870317,0,0
metric;204,378640,965214,0,0
metric;205,378640,965214,0,0
metric;206,378640,920650,0,0
metric;207,378640,870317,0,1747
metric;208,801008,722338,0,0
metric;209,786432,870317,0,0
metric;210,815582,965214,0,0
metric;211,815582,965214,0,0
metric;212,815582,920650,0,0
metric;213,815582,870317,0,0
metric;214,815582,870317,0,0
metric;215,1063152,722338,0,0
metric;216,815582,786432,58720,0
metric;217,786432,965214,0,0
metric;218,786432,965214,0,0
metric;219,786432,920650,0,0
metric;220,786432,870317,0,0
metric;221,786432,965214,0,16544
metric;222,655360,722338,0,0
metric;223,1165072,722338,0,0
metric;224,524288,722338,0,11301
metric;225,524288,722338,0,11301
metric;226,524288,722338,0,11301
metric;227,524288,660314,0,11301
metric;228,524288,660314,0,11301
metric;229,524288,722338,0,11301
metric;230,757282,451464,0,0
metric;231,466040,451464,203888,0
metric;232,466040,722338,0,0
metric;233,466040,722338,0,0
metric;234,466040,722338,0,0
metric;235,466040,660314,0,0
metric;236,291269,722338,0,0
metric;237,291269,722338,0,13632
metric;238,291269,722338,0,42992
metric;239,291269,660314,0,28312
metric;240,524288,722338,0,0
metric;241,582536,660314,0,7573
metric;242,524288,722338,0,0
metric;243,524288,722338,0,0
metric;244,524288,722338,0,0
metric;245,524288,660314,0,0
metric;246,524288,660314,0,0
metric;247,815582,451464,0,0
metric;248,524288,563085,106955,0
metric;249,582536,722338,0,7573
metric;250,582536,722338,0,7573
metric;251,582536,722338,0,7573
metric;252,582536,660314,0,7573
metric;253,553438,722338,203888,8389
metric;254,582536,722338,203888,0
metric;255,524288,722338,0,0
param;1,0
param;2,349525
param;3,174763
param;4,116509
param;5,451464
param;6,1048576
param;7,116509
param;8,716491
param;9,728184
param;10,0
param;11,203888
param;12,977274
param;13,304086
param;14,524288
param;15,93206
param;16,1258291
param;17,72818
param;18,58254
param;19,23302
param;20,26214
param;21,32040
fi;28,0,2,0
ff;27,0,2,0
fl;29,0,2,0
ffi;30,0,3,0
ffl;31,0,3,0
AV;65,0,1,-116509;86,1,2,0
To;84,0,1,-87381;111,1,2,0
WA;87,0,1,-116509;65,1,2,0
office;111,0,1,0;30,1,4,0;99,4,5,0;101,5,6,0
wo;119,0,1,-29128;111,1,2,0
